1 0.00 -654.80
2 0.00 -623.10
3 0.00 -591.70
4 0.00 -560.50
5 0.00 -529.60
6 0.00 -498.90
7 0.00 -468.50
8 0.00 -438.30
9 0.00 -408.20
10 0.00 -378.30
11 0.00 -348.60
12 0.00 -319.10
13 0.00 -289.60
14 0.00 -260.30
15 0.00 -231.10
16 0.00 -202.00
17 0.00 -173.00
18 0.00 -144.10
19 0.00 -115.20
20 0.00 -86.30
21 0.00 -57.50
22 0.00 -28.80
23 0.00 0.00
24 0.00 28.80
25 0.00 57.50
26 0.00 86.30
27 0.00 115.20
28 0.00 144.10
29 0.00 173.00
30 0.00 202.00
31 0.00 231.10
32 0.00 260.30
33 0.00 289.60
34 0.00 319.10
35 0.00 348.60
36 0.00 378.30
37 0.00 408.20
38 0.00 438.30
39 0.00 468.50
40 0.00 498.90
41 0.00 529.60
42 0.00 560.50
43 0.00 591.70
44 0.00 623.10
45 0.00 654.80
